1406347
15374487
15381872
15417842
15566711
15602430
15624542
1424020
15702669
15769362
15811040
15871852
15879081
15888224
15895541
15899733
15918496
15941650
15984175
16036356
16047261
16083088
1463829
16115822
16296043
1485715
16350107
16389418
16393628
16416361
16497134
16510937
16561018
16577615
1488756
16656877
16687497
16696335
16699551
16702962
16780163
16814256
16832676
1494561
16836827
16855588
16936454
16989757
16994509
17089777
120140
17152497
17178339
17244524
17282412
1574345
17422021
17429776
17458809
17484956
17490615
17531624
17561744
17598073
17601720
17633132
17680700
17702942
17734965
17742847
17747312
17808796
17809342
17826358
17855261
17881798
17885957
17910803
17923972
17940338
18034500
18042632
18084871
1658337
18122319
18131503
18158846
18201667
18226241
18254308
18265258
18279506
18301328
1682236
18344940
18365764
18460778
18473340
18527821
18531775
18533745
18537558
18595312
18598636
18604088
18611622
18638211
18709084
18728738
18764767
18847397
18847877
18901306
1772819
18932636
19051126
1787550
19112756
19164151
19190360
19334505
19431932
19454643
19469685
19558348
1819132
19636979
19737910
19775165
19779171
19795891
19815544
19835537
1844588
19852007
19867240
19879746
19922166
19934526
19962775
20072675
20100119
20118812
20142688
1888756
20147832
20149923
20190423
20251114
20283941
20355385
20376514
20389435
20454278
20522710
20734330
20813177
20832034
20865633
20918777
20933913
20953386
21012162
21024196
21075206
21221734
21232583
21267541
21388948
21403001
21410551
21425737
2073603
21444766
21579247
21596015
21628231
21630673
21656743
21660878
21693445
21694557
21732077
2108994
21772826
21775143
21803526
21842658
21949635
22108111
2125546
22155868
22185247
22221840
22244688
2148783
22249001
22249085
22251960
22263677
22419072
22453422
22486721
22489166
22499136
22516899
22520494
22535925
22585090
22626855
22689939
22690856
22750824
22809710
22834908
22842717
22940197
22972931
2241897
22999487
23016717
23044620
23104010
23136014
23163472
2334603
23230911
23255717
23318993
23388774
23459195
171783
23540208
23575670
23609134
23644393
23704234
23764786
2378453
23795828
23805295
23854188
23869769
23908224
23923926
2390260
23974352
23992758
24022844
24075787
24077116
24141410
24149767
24291962
24295331
24322874
24333434
24342362
24354744
24384643
24406094
24420497
24460351
24548744
24569590
24579777
24594213
24611703
24669851
24702930
24710012
24733006
24733297
24735195
24774729
24789056
24887587
24940907
24985424
24996723
25048130
25053023
25095184
25102239
2516123
25135746
25155534
25182692
25248389
25253120
25276045
25305999
25310391
25366100
25370506
25383834
25409248
2533991
25415832
25465199
25481284
25496548
25520686
25540854
25565106
25684672
2558005
25701665
25712339
25853223
25858781
25869215
25908084
25911361
26029128
26044629
26077555
26094769
26187221
26192057
26248543
26354960
26414674
2607043
26436647
26443483
26461191
26463827
26484730
26486014
26497176
26511169
26623442
2632248
26767612
2639980
26926912
26940064
27006924
2655655
27037150
27039802
27099751
2664285
27157728
27187247
27274551
27288397
27429550
27431336
27466703
27477309
27499613
2709089
27523049
27533653
27548761
27606024
27628370
27702055
27766067
27771199
27788006
27828208
27862871
27872196
27947854
27950197
27977881
27990236
27999780
182983
2762496
28029772
28067380
28353407
28382160
28386041
28511377
28566473
28642116
28707229
28708292
28716148
28716432
28772686
28815450
28820699
28828175
28838531
28996368
29020596
29033428
29212015
2888668
29284754
29332792
29354985
29408910
2894810
29467343
29471904
29475659
29518534
29519462
29519477
29544249
29664325
29695785
29696350
29702713
29735383
29797084
29801857
2942808
29853180
29861270
29863376
29868466
29876767
29886870
29913145
30005041
30009900
30039958
30048652
30105972
30129471
30287677
30325837
30334999
30382102
30403038
30425900
30474234
30489822
30508769
30538580
30575570
30592073
30603667
30674194
30757952
30796418
3041334
30853791
30924199
30955792
30970718
31027935
3076254
31032702
31099758
31118230
31122785
31334990
31339308
31441701
31475387
31527547
31527737
31558865
31578404
31607271
31720308
31749911
31792439
31816307
31847077
31859599
31870006
31903499
31939454
31955640
31957050
32035464
32057728
32065599
32106071
3220596
32183578
32186190
32237560
32249312
32287157
32289975
32372740
32389244
32416914
32418915
32420953
32440831
32473287
32477777
32494923
32517278
32519906
32597083
32613906
32617388
32672571
3289232
32754678
32771110
32864793
32877024
32892994
3292226
32950311
32962454
33086836
33118056
3348850
33173129
33192300
33195505
33312619
3362976
33319381
33365637
33424930
3376137
33537233
33554750
33595748
33640107
33642905
33724408
33814912
33850698
33886650
33913516
33923467
33970260
33970568
34044842
34196218
34239798
34408117
34410249
34480689
3443137
34522295
34524132
34550989
34614995
34616806
34640137
34646839
34673923
34777286
34787960
34811044
34830731
3461188
34837901
34868489
34916599
34918147
34996413
35008760
35072761
35115425
35126765
35170800
35175158
3466417
35221859
35230266
35251443
35258507
3471004
35486715
3493515
35527504
35554721
35579349
35591288
35690768
35794545
35823165
35862397
35894584
35921664
35941177
35999662
36015483
36028378
36054721
36091729
36105306
36162479
36228303
36229131
3591246
36258929
36271615
36314946
36318687
36336127
36378082
36385063
36395112
36590174
36593398
36596626
36745171
36790698
36891017
36970122
37008444
37009921
37023274
37078742
37084408
37093993
37101576
37136132
37150357
37235190
37306362
37313409
37315948
37369203
37396269
37423022
3706769
37470634
37477964
37551343
37578029
37596308
3709331
37621892
37670518
37673642
37679989
37680869
37699866
37786533
37806760
37820948
37845472
3714376
37931033
37935576
3748471
37977362
38010772
38065439
38091000
38136483
38155294
3767728
38182879
38233378
3768408
38340375
38341408
38342857
38372018
38401362
38494192
38519905
38525343
38541280
3812413
38580449
38617031
38630280
38643732
38672162
38698844
38701393
38744695
38780795
3903175
38863952
268141
38969520
39000044
39016558
39027366
39037775
3945232
39162200
39182700
39296678
39327567
39338456
39419707
3948205
39465492
39495957
39562857
39580346
39617760
39624267
39651036
39657385
39678052
39776283
39805871
3965564
39857554
39996896
40016773
3978094
40043079
40140904
40143925
40151308
40152289
40281401
40315350
40360795
3983716
40408098
40479949
40498954
40517923
40523059
40685793
40687766
40688708
40721372
40758053
40821949
40861893
40884441
40898982
40902746
40903869
40966501
40974680
41069175
41095694
41115004
41119275
41126853
41159027
41181480
41224860
41233222
4042683
41281055
41303688
41335525
4071121
41416169
41480181
41538904
41552053
41556350
41566178
41574842
41599597
41610751
41617440
4082153
41700611
41804697
41816297
41897932
4087593
41943958
42020809
42030555
42047620
42068489
42079904
42129910
42139811
42164266
42177877
42228941
42229540
42253990
42274198
4195860
42366750
42447568
42499896
42504329
42531290
4201055
42614014
4201716
42753309
42754153
42785947
42791421
42793796
42819293
42900746
42916972
42932958
4238538
42996108
43091023
43108361
4266178
43152776
43262591
43352759
4266402
43385097
43399898
43402172
43450608
278097
43520020
43536837
43594480
43631798
43664026
4272421
43677447
43760388
43825325
44072978
44079290
4318576
44118911
44129615
44194438
44201090
44318012
44349230
44361602
44403256
44420002
44488473
44490265
44515649
4358146
44545638
44578726
44653635
44707541
44717609
44720981
44741262
44782131
44801208
44811113
4408116
44863096
44896642
44944260
4417744
44985557
45020439
45131618
45147046
4444021
45180465
45218824
45240693
45263172
45270420
45353447
45360700
45404273
45428314
45438329
45469435
45508920
45512735
45564023
45611455
45620984
45646375
45679217
45691949
45694787
45720097
45754664
45777450
4516725
45809373
45818591
45822750
45843457
45876123
45888054
45920192
4542948
45959977
46143727
46277999
4602785
46295487
46322937
46323060
46325292
46345363
46354780
55513
46372393
46384888
46471385
4620981
46524203
46539887
46606543
46653732
46746070
4655603
46849177
46858090
46884199
46966882
4660800
46980779
47022508
47065810
47198580
47205477
47241218
47302207
47302875
47307341
47319221
47382091
47390737
47401360
47449784
47457814
47471406
47497927
47526499
47548058
47550987
47586216
47618790
47632187
47679459
47764602
47802842
311557
47805452
47962957
47985949
48059343
48067133
48108472
48122187
48195477
48234788
4922171
48258053
48441544
48442326
48447812
4967896
48513062
48595133
48682683
48703250
48735551
48739582
48754726
48774931
48786552
48833632
48846912
48994368
49009429
5039444
49174038
49179817
49219282
49220990
49233405
49289465
49303421
49336207
49365644
5061974
49471164
49480544
49512507
49554262
49599815
5073102
49611678
49628736
49651867
49669237
49703647
49718565
5166101
49833978
49844965
49938972
49951143
50071334
50082651
50097024
50113592
50157032
50263536
50267825
50376908
50429190
50438500
50465103
50479334
50502122
50565877
50568110
50586952
50589479
50617680
50623580
50649274
50685863
50686664
50808797
50842235
50873469
50928356
5296218
50950307
50993642
50996576
51072414
51081589
51172342
51232363
51273327
51276663
51397177
51400103
5410722
51459004
51485324
51505533
51572033
5431421
51585344
51596866
51629358
51653336
51666928
51735161
51748354
51752121
51761016
51771879
51891273
51927200
5469468
51973312
52004015
52005849
52053749
52098365
52100236
5476873
52138939
52218455
52225006
52266055
52283836
52296669
52299248
52384904
52399388
52461585
329076
52550208
52567796
52677778
52711104
52786955
5563172
52912192
52953707
52985624
53033948
53105602
53121756
53134196
53154342
53223521
53255088
53313633
53317634
53383362
5647118
53470297
53543876
53618355
53762747
53799183
53889404
5677293
53972081
53990347
54016907
5677632
54060107
54073818
54163524
54172229
54173002
342904
54285517
54350083
54356823
54374285
5685681
54431671
54438361
54458433
54542279
5711115
54725229
54770528
54772549
54794578
54807625
54878366
54899016
54909399
55061155
55062019
55080940
55082573
55109472
55180282
55304010
55357961
55479982
55540099
55559255
55568442
55686836
55711947
344905
5812502
55841344
55848205
55949766
55960532
55982103
5813311
56014631
56071045
56090903
56262623
5823494
56301915
56314047
56413492
56440419
5843362
56649285
56654942
56709209
56737302
56743437
56841309
56876456
5900119
57061637
57091189
57109761
57151690
57164229
57205509
5918335
57221554
57305681
57372033
57417639
57417707
57432499
57447485
57457508
57498666
57511036
57522033
57558166
57632598
57661852
57683786
57702284
57725450
57757784
57791929
5993148
57886599
57907205
57925046
57927335
57945196
57960535
57974656
57996682
58041953
58065494
58088391
58117141
58123622
58171265
58175529
58241870
58314041
6013258
58373652
58479526
58492037
58502038
58511669
58562612
6043727
58626522
58652601
58677686
58692605
58693765
58699394
58717580
58766776
58825431
58965991
58972909
59063544
59124550
59145681
59168143
59173698
59177620
6126207
59324719
59326740
59349072
59488704
59541756
59582621
59715001
59795595
59804422
59811947
59842373
59860049
59945739
59984735
6174458
60017154
60024548
60027447
60040305
60071252
60076049
6187997
60298707
60435342
60485158
6204460
60537520
60621238
60632741
402307
6256698
60849960
60850086
60874518
60909553
60999819
61004704
61037403
61078737
61104560
61126699
61141755
61149366
6282740
61173063
61247363
61296955
61303152
61311132
61353172
61401082
61515831
61530616
61598801
61610671
61667533
61698031
6342663
61699369
61727013
61753286
61758572
61838951
61928467
61991460
61996056
62034399
62096666
62163192
62294523
62315209
62328599
62332473
62376406
62435149
62466188
429256
6373673
62521133
62541639
62559470
62582147
6380749
62599848
62622226
62650159
62690119
62720035
62778342
62788052
62814530
62859278
62899096
62915967
63005403
63007622
6416853
63008799
63059792
63092180
63101715
63111825
63145164
63148843
63155598
63281757
63417052
63496481
63530695
63532839
63609110
63655746
63746963
63754797
63778844
63794729
63882020
63884090
63903252
63912546
63938532
63951614
63954295
64028395
64039009
64122897
64179134
64181189
64181765
64198969
64202142
64211407
64237658
64430731
6591096
64545203
64551860
6611197
64602887
64698804
64763042
64782333
64783407
64861405
64904667
64963477
64969822
64974461
65009572
65036882
65052866
65103426
65130479
65148222
6687176
65309267
65359567
65376601
65377338
65466160
65472643
65474011
65478031
65525668
65597712
65614091
65617983
6717038
65628035
65701270
65711848
65756735
65797395
65846462
65850054
65876402
65898074
65908288
65910396
65957712
65976142
6750831
65994752
66091268
66159452
66190682
66238956
66276464
66319457
66331398
66350200
66388509
66428187
66433433
66460634
66549370
66579214
66701295
6824938
66722052
66818404
66858333
66881866
66930638
66999129
6838357
67039809
67112662
67120355
67158182
6846450
67236597
463621
6868615
67405647
67434090
67464482
67466183
67470281
67477725
67497200
67559335
67684673
67693995
67719494
67847965
67871473
67905770
67988938
68055638
68055972
68093483
68094955
68149051
68207231
6914609
68323816
68344922
68368399
68378288
68449740
68512870
68590160
68590750
68613977
68672341
68769923
68780617
68787868
7044577
68901918
68918184
68919777
68925531
68973335
68999118
69012124
468013
69028687
69071381
69086573
69130201
69195587
69235232
69305484
69449494
7087692
69500619
69504816
69520168
69523732
69530902
69558355
7091226
69670286
69734492
69792221
69832620
69892611
69917946
69944636
69947154
69987396
70036851
70089546
70125900
70175394
7105502
70257768
70311724
70328142
70335429
70343079
70435403
70510250
70599793
70653676
7137281
70711617
70720402
70767930
70805542
7176508
70885830
70957147
71004320
71096919
71163108
71164192
71216272
71274019
71284813
7214570
71391688
71521602
71532162
71703726
71736868
71750713
71807915
7245333
71840006
71842153
71866498
71929368
71956539
71959618
72018860
72135339
72141256
72208779
7264042
72235316
72265371
72358789
72371874
72377903
72386761
72409482
72416609
72423658
72607243
72619710
72639372
72712546
7271277
72737006
72776307
72808750
72836055
72854551
72886788
72901994
72920794
72930074
72940080
72970425
72972475
7291278
73073882
73083661
73089714
73144198
73144419
73333158
73337146
73340818
73373830
73413321
7325968
73445332
73552974
73571825
73611325
73642648
73659942
73666802
73700748
73746683
73792264
73878153
73902734
73904236
73915123
73917821
521798
73970613
74010473
74012085
74032069
74048303
74093634
74128432
74154073
74158732
74183470
74183872
74209760
74225442
74351649
7400823
74387458
74410905
74458510
74468602
74491831
74519778
74625597
74689812
74717722
74734109
74777542
74784115
74827261
74861332
7449845
74904919
74970588
74987926
7460297
75067129
75086958
75271104
75278134
7487106
75317054
75390020
75424491
536282
75455750
75460511
75465980
75506500
75572491
75658005
75750292
75751672
75817851
7559779
75846323
75900252
75934485
75978199
76082455
76263190
76282466
76288888
76343489
76343560
76482012
76497984
76587745
76670541
76677464
76688446
76715673
76772053
76792489
76964864
76976357
76996025
77004301
539308
77068986
77078348
77123407
77151044
77161045
77176280
7620820
77179175
77235131
77264204
77310691
77426763
77427029
77432301
77436567
77439541
77493826
7635215
77505980
77513263
77579762
77615831
77628711
77634198
77658366
7641561
77672214
77677066
77679530
7641567
77759823
77785444
77799810
77877744
77911169
77953684
77981619
78047947
78116351
78117829
78161401
7678618
78186987
78291693
7688393
78352437
78381732
78481773
78524362
78629561
78696438
7714543
78752208
78769578
78795343
78815674
78890542
78895956
7726219
78908379
78966467
79043672
79063344
79095471
79136436
79149320
79216494
79222361
7755938
79242377
79260644
79317148
79339260
79378584
79385305
79448428
79501957
79552855
79554330
79576828
79607066
79613779
7790410
79618319
79688318
79759981
79803092
79845625
79869215
79870130
7826381
79958600
79975589
80050389
80079154
80125532
80137027
80200769
80254830
80298434
80330954
80487831
7853509
80499502
80528764
80636192
80736466
80750618
80855224
80856891
80868172
80884678
80901243
80995469
81087411
81101194
81104308
81117985
81197814
7945775
81219919
81273161
81310659
81331066
81333704
81408557
81463060
81525190
81549838
7951033
81575230
81686106
81750898
81766336
81773729
81805239
81914137
593871
81928245
81947233
7971785
82138479
82141048
82144213
82149721
82221424
82221630
82238896
82264005
82286027
82303724
82497016
82511937
82555401
82594219
82664793
82697711
82706527
82749286
82842394
82855471
83007471
83097935
83150937
83151184
83186392
83291241
83303938
8107471
83372280
83409677
83415427
83417125
83431209
83509633
83550513
597522
83587192
83613850
83631587
83642689
83659550
83691224
83734216
83740926
83767319
83782056
83835459
83844371
83946645
8154922
83994759
84006642
84019098
84106762
84125294
8155305
84182777
84204647
84239897
84283053
84322870
84341038
84350511
84352734
8194783
84376838
84399161
84410539
84466787
8226019
84563936
84567018
84572004
84577777
84583380
8228164
84677527
84794800
84829005
84859157
84873351
84888815
84920380
84942189
84944506
609596
85004506
85033389
85042523
85217398
85261011
85271826
85349559
85398565
85521671
85553807
85624256
85674102
8292351
85715532
85740289
85781382
85835085
85867481
85892493
85930245
85940195
8318282
85986179
85990287
85998332
86015795
86040950
86055200
86071234
86103603
86105243
86181803
86218065
8388221
86232056
86237011
86263870
86331810
86475959
86546085
86572046
86586305
86654638
86657471
86667495
86679848
8409215
86716387
86727162
86738772
86769538
86849919
86864573
86983477
87010167
87061740
87072412
87118205
87144978
87151833
87159936
87179350
87248319
87276837
87337632
87362767
87400647
87433091
87460363
87527261
87714239
87719953
87757795
87759123
87809191
87812905
87895698
87912231
87927143
87927236
87929454
87938377
87972546
8562752
87984639
88020877
88055639
88113477
627297
8592329
88148596
88149292
88204752
88221766
88231656
88253230
88256995
88262112
88476839
88486864
88494028
88591323
88631211
8614390
88710066
88734769
88758205
88820377
88833576
88867036
88885176
88899063
88908540
88925932
89041348
89101433
89104951
89107071
89108501
89162055
89166382
89169986
89261148
89278184
89287686
89329881
89360278
89396107
89446160
89453890
89458895
89515051
89516571
89583904
89613519
89659108
89770894
89797435
89877140
89938180
90029311
8775288
90054382
90122506
90140895
90194238
90214749
8777692
90265073
90391059
90448625
90488183
90503104
90506422
90513765
90577470
90604580
8806596
90695794
90695858
90697603
8841108
90822551
90823378
90933726
90943878
90959011
90976860
8845005
91050750
91077390
91108205
91127805
91161121
91166645
8862414
91239649
91278120
91286025
91351001
91373419
91386979
702797
91487536
91489971
91507285
91510615
91516467
91532380
91553392
91566292
91588244
91610580
91622702
91645991
91682845
91683069
91712017
91717868
91745250
91906647
91941304
8926437
91985843
92028195
92084677
92087542
92116628
92131847
92141559
92166001
8951451
92268402
92278907
92284214
92378759
92509070
9001700
92529451
92538545
92628516
92651563
9003089
92697207
92727719
9017846
92789442
92841681
92888125
92917398
92928479
92988152
92992038
93109187
93119346
93178168
93203836
93207054
9040125
93223286
93236668
93240371
93253375
93266929
93279579
93351998
93385500
93386537
93414059
93498825
93505122
9059637
93512314
93521232
93523206
93851514
93860941
93962448
9069356
93982570
94117123
94136789
9083977
94198963
94205669
94215272
94226686
94399642
82301
9104175
94410422
94437909
94461746
94477886
94481661
94485616
94546158
94546810
94649475
94679830
94822658
94867204
94880954
94897842
9140208
95003422
95013347
95044693
95045244
9142741
95054481
95088492
95108088
95120055
95120164
95163282
95238821
95240671
95276200
9152713
95281358
95291936
95301552
95356267
95361412
95375113
95451646
95479407
95515918
95521438
95567697
9220574
95606402
95694357
95731548
95732596
95772021
9229384
95772634
95775244
95814965
95888453
95951826
95967766
96021097
96069534
96101912
96103399
96112012
96136658
96155505
96194168
96228590
96261672
96339134
96348671
96410699
96414200
96423705
96431038
96446918
96549741
96560741
96587976
96606605
96635585
96717475
96727538
96744099
96764908
96789373
96789634
96794950
96807194
96814605
9293411
96867664
96891506
96892848
96929372
97062343
97152902
97207254
97274319
97281092
97320337
97384357
9391016
97451499
97473559
97480654
97592891
9392330
97664812
97704199
97793608
97810296
97824944
97872040
97872083
97893987
97912430
98007007
98014162
98020834
98172381
9509150
98454870
98478213
98494189
98609051
98611695
9539860
98650785
98766197
98826975
98839575
98840482
98846053
98881339
98891123
98920586
98933287
98941430
98967032
98980130
98985636
99006770
99027447
99050094
99075180
9554580
99101377
99188107
99213755
99218290
99233344
784828
99345246
99414200
99432908
99463265
99480861
99483420
9600682
99530222
99598129
99599540
99603330
99618458
99672807
99680542
99748163
99754761
9619620
99785560
99787789
99971945
9628096
790959
9721125
9730652
9741324
9768816
9826459
9877360
9924948
9941258
10014306
10092667
10139849
884585
10153173
10175885
10281188
10297344
10298477
890569
10345860
10350336
10350824
10396710
10400411
10421299
902295
10572416
93663
925731
10623399
10659501
10707768
10728450
10772500
10817033
10894250
10920404
10985894
11003089
11004766
11033472
11093280
11118951
11150615
11202293
11220908
11237390
963680
11403289
11427894
11465001
1036722
11538941
11557259
11574058
11600388
11608779
11628959
11655336
11769285
11778308
11785134
11829170
11834638
11963439
12027480
12028082
12073274
1112365
12125994
12141376
12188223
12234947
12243378
12251777
1142996
12306118
12343577
12390230
12406458
1155050
12599306
12623102
12654735
12704456
12713794
12730039
12815178
12833588
12856866
12864852
12891913
12902622
13079261
13081146
13088957
13130646
13248328
13295607
13323228
13421694
13442811
13491464
1254810
13529637
13554303
13600692
13650148
13663172
13720204
13751562
13755042
13778355
1301714
13839879
13844277
13888784
13958601
13958647
13962673
14018449
14188268
14207191
14214181
14337949
14346294
14370703
14400984
14435473
14523219
14550755
14573541
14636900
14712013
14719879
14737563
14750868
14816859
14839748
14869033
14889838
14892768
14919775
14927446
14961918
14984033
15046495
15091565
15151987
15191147
15197992
1398630
15239633
15328150
15367904
